CERES - EBAF421 Data
Parameter: Incoming Solar Flux (W m-2)
Time Range: March - 2000 to May - 2026
Time Resolution: MON
Valid Range: 0 - 800
Satellite: -

year month   data
2000 03 343.48
2000 04 337.75
2000 05 332.76
2000 06 329.82
2000 07 329.50
2000 08 332.03
2000 09 336.54
2000 10 342.53
2000 11 347.93
2000 12 351.37
2001 01 351.56
2001 02 348.69
2001 03 343.56
2001 04 337.75
2001 05 332.88
2001 06 329.87
2001 07 329.58
2001 08 331.91
2001 09 336.46
2001 10 342.40
2001 11 347.80
2001 12 351.30
2002 01 351.66
2002 02 348.81
2002 03 343.79
2002 04 337.86
2002 05 332.90
2002 06 329.94
2002 07 329.42
2002 08 331.82
2002 09 336.46
2002 10 342.27
2002 11 347.72
2002 12 351.29
2003 01 351.55
2003 02 348.72
2003 03 343.62
2003 04 337.81
2003 05 332.83
2003 06 329.77
2003 07 329.39
2003 08 331.77
2003 09 336.40
2003 10 341.96
2003 11 347.61
2003 12 351.14
2004 01 351.40
2004 02 348.53
2004 03 343.45
2004 04 337.66
2004 05 332.67
2004 06 329.70
2004 07 329.30
2004 08 331.76
2004 09 336.46
2004 10 342.29
2004 11 347.71
2004 12 351.16
2005 01 351.25
2005 02 348.44
2005 03 343.44
2005 04 337.63
2005 05 332.65
2005 06 329.67
2005 07 329.33
2005 08 331.75
2005 09 336.35
2005 10 342.21
2005 11 347.62
2005 12 351.05
2006 01 351.31
2006 02 348.46
2006 03 343.47
2006 04 337.68
2006 05 332.76
2006 06 329.73
2006 07 329.32
2006 08 331.65
2006 09 336.30
2006 10 342.10
2006 11 347.52
2006 12 350.99
2007 01 351.28
2007 02 348.46
2007 03 343.53
2007 04 337.71
2007 05 332.72
2007 06 329.71
2007 07 329.27
2007 08 331.63
2007 09 336.20
2007 10 342.02
2007 11 347.51
2007 12 351.00
2008 01 351.32
2008 02 348.43
2008 03 343.34
2008 04 337.55
2008 05 332.60
2008 06 329.62
2008 07 329.28
2008 08 331.70
2008 09 336.33
2008 10 342.15
2008 11 347.62
2008 12 351.03
2009 01 351.25
2009 02 348.39
2009 03 343.40
2009 04 337.59
2009 05 332.65
2009 06 329.66
2009 07 329.30
2009 08 331.69
2009 09 336.30
2009 10 342.11
2009 11 347.57
2009 12 351.00
2010 01 351.27
2010 02 348.48
2010 03 343.51
2010 04 337.73
2010 05 332.75
2010 06 329.73
2010 07 329.36
2010 08 331.72
2010 09 336.31
2010 10 342.09
2010 11 347.58
2010 12 351.02
2011 01 351.32
2011 02 348.52
2011 03 343.57
2011 04 337.85
2011 05 332.86
2011 06 329.82
2011 07 329.35
2011 08 331.69
2011 09 336.27
2011 10 342.12
2011 11 347.66
2011 12 351.17
2012 01 351.45
2012 02 348.59
2012 03 343.48
2012 04 337.70
2012 05 332.72
2012 06 329.76
2012 07 329.36
2012 08 331.88
2012 09 336.53
2012 10 342.31
2012 11 347.78
2012 12 351.18
2013 01 351.36
2013 02 348.51
2013 03 343.53
2013 04 337.69
2013 05 332.79
2013 06 329.82
2013 07 329.49
2013 08 331.88
2013 09 336.50
2013 10 342.24
2013 11 347.69
2013 12 351.19
2014 01 351.37
2014 02 348.50
2014 03 343.72
2014 04 337.87
2014 05 332.88
2014 06 329.86
2014 07 329.45
2014 08 331.87
2014 09 336.44
2014 10 342.16
2014 11 347.74
2014 12 351.19
2015 01 351.51
2015 02 348.79
2015 03 343.78
2015 04 337.97
2015 05 332.93
2015 06 329.87
2015 07 329.49
2015 08 331.76
2015 09 336.33
2015 10 342.19
2015 11 347.69
2015 12 351.15
2016 01 351.47
2016 02 348.61
2016 03 343.52
2016 04 337.63
2016 05 332.70
2016 06 329.75
2016 07 329.38
2016 08 331.81
2016 09 336.44
2016 10 342.25
2016 11 347.71
2016 12 351.08
2017 01 351.31
2017 02 348.46
2017 03 343.46
2017 04 337.67
2017 05 332.72
2017 06 329.74
2017 07 329.34
2017 08 331.72
2017 09 336.31
2017 10 342.19
2017 11 347.64
2017 12 351.05
2018 01 351.29
2018 02 348.44
2018 03 343.49
2018 04 337.70
2018 05 332.74
2018 06 329.74
2018 07 329.34
2018 08 331.69
2018 09 336.28
2018 10 342.09
2018 11 347.57
2018 12 351.03
2019 01 351.32
2019 02 348.52
2019 03 343.55
2019 04 337.73
2019 05 332.75
2019 06 329.72
2019 07 329.30
2019 08 331.63
2019 09 336.21
2019 10 342.02
2019 11 347.53
2019 12 351.03
2020 01 351.35
2020 02 348.48
2020 03 343.41
2020 04 337.59
2020 05 332.64
2020 06 329.68
2020 07 329.33
2020 08 331.76
2020 09 336.38
2020 10 342.21
2020 11 347.67
2020 12 351.13
2021 01 351.37
2021 02 348.50
2021 03 343.53
2021 04 337.71
2021 05 332.74
2021 06 329.77
2021 07 329.42
2021 08 331.81
2021 09 336.40
2021 10 342.23
2021 11 347.70
2021 12 351.17
2022 01 351.47
2022 02 348.72
2022 03 343.75
2022 04 337.97
2022 05 333.01
2022 06 330.01
2022 07 329.56
2022 08 331.91
2022 09 336.54
2022 10 342.36
2022 11 347.82
2022 12 351.23
2023 01 351.59
2023 02 348.86
2023 03 343.98
2023 04 338.16
2023 05 333.05
2023 06 330.08
2023 07 329.55
2023 08 331.99
2023 09 336.59
2023 10 342.47
2023 11 347.90
2023 12 351.37
2024 01 351.71
2024 02 348.76
2024 03 343.78
2024 04 338.00
2024 05 332.96
2024 06 330.02
2024 07 329.70
2024 08 331.99
2024 09 336.84
2024 10 342.49
2024 11 347.99
2024 12 351.44
2025 01 351.67
2025 02 348.80
2025 03 343.90
2025 04 338.04
2025 05 332.99
2025 06 330.04
2025 07 329.69
2025 08 332.04
2025 09 336.61
2025 10 342.42
2025 11 347.93
2025 12 351.26
2026 01 351.54
2026 02 348.71
2026 03 343.77
2026 04 337.95
2026 05 333.01
2026 06 333.01
2026 07 333.01